2E 53 0 0 6 2025 09 19 05 22 51 7021.933 97.9440 235.154 -24.407 97.6277 12.10
CS F1 0 0 4 2025 09 19 05 09 02 7129.665 98.3800 177.745 -24.971 99.8813 0.00
2D 4E 0 0 6 2025 09 19 04 49 14 7026.739 97.9770 243.853 -24.432 97.7281 13.70
1A B 0 0 6 2025 09 19 05 07 48 7009.539 98.0140 207.187 -24.341 97.3690 0.00
1B 16 0 0 6 2025 09 19 04 43 41 7009.539 98.0140 213.216 -24.341 97.3690 0.00
1C 1D 0 0 6 2025 09 19 03 56 32 7009.539 98.0140 225.004 -24.341 97.3690 0.00
1E 2C 0 0 6 2025 09 19 04 19 16 7009.539 98.0140 219.320 -24.341 97.3690 0.00
2A 31 0 0 6 2025 09 19 05 02 29 7033.445 98.0270 240.850 -24.467 97.8674 0.00
2B 3A 0 0 6 2025 09 19 05 28 24 7033.445 98.0270 234.371 -24.467 97.8674 0.00
2C 45 0 0 6 2025 09 19 04 39 16 7033.445 98.0270 246.656 -24.467 97.8674 0.00
3A 58 0 0 6 2025 09 19 04 57 11 7032.771 98.0350 277.787 -24.463 97.8534 0.00
3B 62 0 0 6 2025 09 19 04 33 36 7032.771 98.0350 283.683 -24.463 97.8534 0.00
3D 74 0 0 6 2025 09 19 05 46 55 7032.771 98.0350 265.353 -24.463 97.8534 0.00
3E 7F 0 0 6 2025 09 19 05 21 42 7032.771 98.0350 271.657 -24.463 97.8534 0.00
O3 F2 0 0 4 2025 09 19 04 01 01 7115.088 98.3590 300.433 -24.894 99.5753 0.00
4A 81 0 0 6 2025 09 19 04 52 41 7033.510 97.9970 314.787 -24.467 97.8683 0.00
4B 8A 0 0 6 2025 09 19 04 26 57 7033.510 97.9970 321.223 -24.467 97.8683 0.00
4D 9C 0 0 6 2025 09 19 05 34 42 7033.510 97.9970 304.284 -24.467 97.8683 0.00
4E A6 0 0 6 2025 09 19 05 16 30 7033.510 97.9970 308.834 -24.467 97.8683 0.00
MB F9 0 0 3 2025 09 19 04 20 02 7199.965 98.6210 250.204 -25.341 101.3615 0.00
5A AD 0 0 6 2025 09 19 04 24 05 7033.155 97.9860 357.570 -24.466 97.8614 0.00
5C BB 0 0 6 2025 09 19 04 00 36 7033.155 97.9860 3.444 -24.466 97.8614 0.00
5D C4 0 0 6 2025 09 19 04 47 24 7033.155 97.9860 351.742 -24.466 97.8614 0.00
5E CF 0 0 6 2025 09 19 05 13 15 7033.155 97.9860 345.278 -24.466 97.8614 0.00
MC FB 0 3 3 2025 09 19 05 09 40 7199.876 98.7120 245.439 -25.340 101.3593 0.00
SR FD 0 3 3 2025 09 19 05 24 24 7162.249 98.5600 7.765 -25.142 100.5664 0.00